8,16
8,4
8,17
8,1
8,12
8,2
8,3
12,2
12,1
12,3
20,2
20,1
20,3
19,2
19,1
19,3
18,1
18,3
14,1
14,3
104,394
104,393
104,392
104,391
104,390
104,389
104,388
104,387
104,386
104,385
104,384
104,383
104,382
104,381
104,380
104,379
104,378
104,377
104,376
104,375
104,374
104,373
104,372
104,371
104,370
104,369
104,368
104,367
104,366
104,365
104,364
104,363
104,362
104,361
104,360
104,359
104,358
104,357
104,356
104,355
104,354
104,353
104,352
104,351
104,350
104,349
104,348
104,347
104,346
104,345
104,344
104,343
104,342
104,341
104,340
104,339
104,338
104,337
104,336
104,335
104,334
104,333
104,332
104,331
104,330
104,329
104,328
104,327
104,326
104,325
104,324
104,323
104,322
104,321
104,320
104,249
104,248
104,191
104,190
104,189
104,188
104,187
104,186
104,185
104,184
104,183
104,182
104,181
104,180
104,179
104,178
104,177
104,176
104,175
104,174
104,173
104,172
104,171
104,170
104,169
104,168
104,167
104,166
104,165
104,164
104,163
104,162
104,161
104,160
104,159
104,158
104,157
104,156
104,155
104,154
104,153
104,152
104,151
104,150
104,149
104,148
104,147
104,146
104,145
104,144
104,143
104,142
104,141
104,140
104,139
104,138
104,137
104,136
104,135
